total 2048x2048

grass
0,0 -> 599,599
0,0 -> 0.29248046875 , 0.29248046875


0, 1447 -> 599, 2047 
0, 0.70654296875 -> 0.29248046875, 1.0


asphalt
600, 0 -> 1099, 599
0.29296875, 0 -> 0.53662109375 , 0.29248046875

600, 1547 -> 1099, 2047
0.29296875, 0.7557401074743527 -> 0.53662109375 , 1.0


forest ground
1100, 0 -> 1579, 479
0.537109375, 0 -> 0.77099609375 , 0.23388671875

1100, 1567 -> 1579, 2047
0.537109375, 0.7655105031753786 -> 0.77099609375 , 1.0

parking
0,600 -> 639, 1079
0 , 0.29296875 -> 0.31201171875 , 0.52685546875

water
640,500 -> 1152, 1012
0.3125 , 0.244140625 -> 0.5625 , 0.494140625

640, 935 -> 1152, 1446
0.3125 , 0.4567659990229604 -> 0.5625, 0.706399609184172